16.942337 49.977779 1
95.081519 166.109751 2
169.055716 200.100091 3
257.028325 289.068234 4
309.100796 341.384509 5
353.655977 436.73219 6
440.633054 477.691262 7
505.525552 563.571221 8
608.573376 682.669475 9
684.315152 708.329846 10
747.236901 802.072484 11
807.903463 850.914552 12
863.836164 911.885869 13
935.51454 980.537012 14
1006.238017 1076.636422 15
1100.915237 1125.701977 16
1167.615948 1246.689712 17
1286.939685 1339.98837 18
1343.787649 1362.803363 19
1370.545138 1444.864724 20
1501.589788 1525.868603 21
1570.342516 1673.511244 22
1784.443062 1871.07475 23
1922.922736 1973.939721 24
1997.832513 2033.915505 25
2041.717233 2099.802538 26
2101.570117 2156.649504 27
2208.966777 2276.825557 28
2278.83694 2322.92483 29
2343.810706 2413.843405 30
2426.602481 2466.625973 31
2486.232877 2515.26587 32
2563.131724 2625.201157 33
2626.216009 2684.831552 34
2686.699718 2756.509928 35
2767.501425 2826.339457 36
2840.33787 2880.15919 37
2892.896951 2909.922597 38
2925.587004 3014.698364 39
3016.323724 3091.415356 40
3116.4459 3135.482929 41
3151.431774 3166.465356 42
3208.461593 3262.300645 43
3291.009564 3333.086071 44
3348.729163 3415.573091 45
3440.846441 3510.900455 46
3518.863721 3586.967303 47
3614.618741 3680.730259 48
3754.846675 3817.951277 49
3819.739173 3853.810782 50
3880.91366 3902.937288 51
3923.396507 3973.457595 52
4013.78684 4025.794187 53
4044.688997 4106.716798 54
