16.623267 26.677094 1
62.737772 76.808486 2
103.928278 134.043321 3
167.551036 221.767401 4
230.580227 296.057808 5
391.635534 428.762715 6
473.629154 531.653435 7
534.749925 554.83436 8
619.45079 677.428633 9
708.406604 747.577057 10
768.968598 827.062536 11
847.657789 861.705284 12
915.626907 933.691289 13
955.46482 975.526036 14
1007.127096 1028.186729 15
1058.268496 1076.309659 16
1084.714937 1157.761911 17
1169.073293 1199.931344 18
1213.514459 1259.418422 19
1279.766815 1298.829614 20
1322.385232 1337.431144 21
1347.879694 1375.974684 22
1440.386963 1472.243431 23
1501.659107 1515.729821 24
1537.401399 1603.389797 25
1626.744263 1650.822366 26
1676.705942 1789.875348 27
1805.571396 1828.674301 28
1848.262426 1931.316789 29
1967.747471 1985.835072 30
2005.323033 2125.852862 31
2189.319311 2267.59056 32
2306.528827 2358.725139 33
2377.326455 2446.681608 34
2485.975788 2518.087665 35
2528.667424 2560.523892 36
2561.176912 2587.275068 37
2624.609661 2776.740549 38
2805.55752 2829.635623 39
2842.57436 2867.65088 40
2881.287165 2931.463424 41
2933.951606 2956.032875 42
2970.242903 3001.379582 43
3008.165775 3022.21327 44
3044.991109 3075.84916 45
3104.40853 3144.554181 46
3190.127726 3211.210578 47
3337.591599 3393.549389 48
3402.500228 3431.593635 49
3476.4902 3510.62213 50
3547.240024 3595.419449 51
3621.429716 3683.401227 52
3776.842262 3842.041214 53
3885.135685 3939.096641 54
4001.393218 4043.303513 55
4064.572117 4106.737821 56
