66.986102 88.989413 1
95.998778 156.014198 2
179.928305 208.961298 3
224.016195 276.068349 4
282.874544 331.899465 5
341.834478 395.857381 6
433.951756 487.771489 7
495.532583 567.596982 8
568.592515 600.612107 9
614.00101 647.016135 10
677.938609 748.966841 11
767.069288 857.397672 12
858.41452 889.052556 13
907.094052 993.115232 14
994.720275 1041.755128 15
1063.453684 1121.479036 16
1136.676152 1198.683636 17
1226.4743 1297.523847 18
1323.041001 1351.038825 19
1354.817787 1441.875133 20
1453.88248 1522.899329 21
1527.023681 1574.057536 22
1607.947289 1656.97221 23
1668.856657 1693.866884 24
1726.109963 1815.159374 25
1816.154907 1933.912239 26
1936.655034 1989.702721 27
2025.420007 2080.438442 28
2101.710341 2183.791021 29
2203.948479 2252.403526 30
2269.267634 2340.316183 31
2342.733906 2391.779144 32
2394.561575 2466.646291 33
2469.450037 2484.465298 34
2495.801187 2547.833024 35
2560.957806 2592.978396 36
2616.159095 2698.219458 37
2699.68328 2750.698269 38
2774.916133 2837.959784 39
2844.948832 2905.9811 40
2911.162933 2971.057449 41
3010.715235 3088.793466 42
3095.660612 3163.661611 43
3164.677461 3207.384793 44
3264.008272 3341.069655 45
3358.014033 3416.039385 46
3435.929728 3511.95694 47
3528.636199 3606.695111 48
3623.20984 3650.252765 49
3663.803206 3735.176827 50
3736.680285 3818.740648 51
3840.845544 3934.892937 52
3937.574781 4004.641198 53
4006.368143 4024.369005 54
4034.202433 4108.257898 55
4115.08441 4193.123005 56
