13.998648 31.041394 1
58.880975 138.916868 2
176.607524 238.486159 3
249.282994 276.356348 4
317.63973 388.620213 5
425.84027 464.987504 6
471.555689 500.649096 7
508.566775 526.607938 8
539.030103 554.076015 9
598.563619 631.418504 10
660.953072 680.015871 11
739.924055 773.777357 12
783.58854 798.657671 13
811.149493 816.164797 14
846.427421 872.270168 15
883.451272 914.564732 16
945.476759 975.336393 17
1033.708959 1059.783896 18
1173.437256 1256.723809 19
1305.172261 1340.302608 20
1354.837702 1380.959077 21
1393.381242 1419.479398 22
1420.823184 1434.870679 23
1455.562577 1489.439098 24
1506.528282 1524.360474 25
1584.847554 1665.138857 26
1715.640182 1755.785833 27
1769.963037 1828.916078 28
1878.347142 1950.60467 29
1955.94504 1981.044779 30
2020.992774 2089.976423 31
2118.466141 2146.305722 32
2185.36008 2221.256654 33
2225.583037 2247.664306 34
2260.165124 2276.97568 35
2292.299495 2338.226677 36
2383.887263 2482.126856 37
2512.892881 2521.925072 38
2691.168367 2755.159931 39
2786.203734 2802.248063 40
2813.393183 2864.335669 41
2871.121087 2920.04352 42
2944.129165 3034.195666 43
3043.831551 3087.73868 44
3110.934461 3164.872198 45
3168.191906 3216.115922 46
3220.600229 3235.66936 47
3314.273942 3352.16735 48
3375.66656 3391.710889 49
3404.619924 3476.645262 50
3484.655817 3560.674823 51
3574.141843 3602.492242 52
3607.063036 3696.154339 53
3718.88574 3805.933771 54
3814.745636 3873.721896 55
3927.202062 3938.997314 56
3955.297053 3980.396792 57
3992.51711 4003.546135 58
4020.403129 4043.482815 59
4060.641656 4108.797862 60
4113.627414 4198.725049 61
4246.091812 4268.196302 62
4284.496044 4304.55726 63
4378.115052 4485.270737 64
4518.450692 4570.391595 65
4580.223342 4616.096697 66
4621.073252 4632.125496 67
4662.864358 4714.039034 68
