18.091476 29.886728 1
46.116809 99.056129 2
104.675127 118.722622 3
119.443441 176.655057 4
178.292424 209.405884 5
228.584782 282.777928 6
335.508277 369.384798 7
378.25446 410.110928 8
442.663966 471.757373 9
493.360077 540.564304 10
574.094592 609.224939 11
618.910485 654.807059 12
679.837141 717.985958 13
752.406226 785.493301 14
859.647473 985.842738 15
1049.549967 1097.729392 16
1137.921481 1260.07664 17
1297.524696 1350.440797 18
1435.81706 1456.621284 19
1465.607037 1494.723663 20
1559.108462 1593.960181 21
1609.029312 1633.107415 22
1639.707982 1701.679493 23
1727.300581 1807.591883 24
1881.451522 1929.375538 25
1933.96556 1942.997751 26
1954.283952 1987.162056 27
2026.843331 2065.967346 28
2097.075831 2119.1571 29
2176.623138 2224.849001 30
2235.980026 2279.887155 31
2284.089797 2323.237031 32
2327.729211 2353.827367 33
2364.877698 2436.57797 34
2446.171331 2482.044686 35
2504.836069 2526.661929 36
2570.963781 2609.855606 37
2630.125793 2692.004428 38
2729.5451 2762.655394 39
2787.662261 2799.457513 40
2809.232712 2852.373614 41
2906.195256 2983.212679 42
2989.528247 3043.744612 43
3130.815862 3199.033284 44
3220.995713 3235.043208 45
3238.138718 3295.791495 46
3303.259769 3400.361627 47
3424.161106 3542.369035 48
3572.29833 3625.23765 49
3645.67037 3655.724197 50
3749.528961 3896.830297 51
3963.278188 3990.374761 52
4006.563109 4085.623804 53
4161.333289 4187.408226 54
4196.37076 4247.545436 55
4271.522704 4318.796588 56
4336.117962 4387.292638 57
4433.243039 4449.287368 58
4475.664152 4491.7317 59
