26.003744 38.495566 1
82.43559 115.569103 2
190.902187 206.946516 3
222.247837 254.127524 4
258.123134 275.16588 5
316.34962   329.398698 6
346.065105 389.206007 7
420.528438 479.713669  8
523.133199 538.179111 9
545.609191  567.69046  10
584.904464  597.953542 11
610.584678  646.713442 12
657.076863 672.889002 13
710.472827 740.58787 14
799.259386 829.374429 15
843.403547 858.449459 16
865.763444 873.797218 17
880.693261 933.864771 18
949.351844 1059.27059 19
1085.833126 1112.67429 20
1127.929173 1169.073241 21
1180.203878 1220.117339 22
1232.40019 1267.298347 23
1281.322623 1363.610759 24
1375.777515 1416.921583 25
1432.965912 1471.834518 26
1493.030588 1528.903943 27
1571.951969 1610.843794 28
1725.271881 1744.357899 29
1748.000381 1768.827824 30
1777.971275 1821.112177 31
1874.59038 1909.720727 32
1917.327856 1982.317837 33
1993.822857 2030.694629 34
2065.907215 2141.159994 35
2154.544786 2185.635027 36
2215.866165 2254.99018 37
2290.352717 2384.412886 38
2395.650882 2440.835056 39
2464.19337 2516.366463 40
2531.481098 2565.589809 41
2607.697471 2658.616738 42
2688.720177 2703.789308 43
2708.869434 2727.932233 44
2781.196622 2822.34069 45
2841.982038 2873.118717 46
2893.24959 2950.461206 47
3064.689027 3099.796155 48
3130.236264 3142.054735 49
3175.257905 3198.337591 50
3210.277006 3220.307614 51
3255.832684 3268.881762 52
3322.308681 3348.151428 53
3238.622758 3268.737801 54
3274.733925 3293.541315 55
3319.543694 3340.626546 56
3375.12998 3417.017056 57
3536.931598 3552.975927 58
3600.017621 3621.100473 59
3643.805765 3663.866981 60
3679.277628 3823.908783 61
3880.164559 3982.30494 62
4070.826427 4090.632234 63
4102.473924 4166.442269 64
4173.021474 4198.121213 65
4236.534639 4299.504567 66
4306.581012 4340.712942 67
4434.539513 4479.445059 68
