19.952247 45.023425 1
79.379472 134.438542 2
151.951796 220.034063 3
222.694592 250.753367 4
280.030164 361.115311 5
371.070641 439.88432 6
441.71285 524.585893 7
525.581426 543.337486 8
552.460817 624.524218 9
639.132141 712.233705 10
713.817433 793.867411 11
795.959064 836.756598 12
852.72576 889.783968 13
892.34391 947.423297 14
962.945485 1056.078613 15
1068.817372 1153.600213 16
1173.693726 1263.73867 17
1271.134059 1423.064585 18
1428.163154 1451.162996 19
1474.263425 1509.330567 20
1519.306214 1584.178395 21
1589.318596 1639.156197 22
1650.188328 1720.281978 23
1757.197967 1814.837296 24
1829.221732 1906.080943 25
1924.955436 1994.053553 26
1995.637281 2069.775012 27
2072.375588 2150.452821 28
2174.224709 2240.051789 29
2255.02442 2270.059 30
2273.818643 2376.84615 31
2379.792115 2422.843838 32
2470.588788 2545.721054 33
2547.447999 2632.271474 34
2638.061819 2656.103315 35
2673.311816 2742.124497 36
2748.850422 2810.938176 37
2816.952008 2848.992915 38
2857.667276 2931.763375 39
2933.429369 3027.456445 40
3055.209467 3111.26407 41
3116.485539 3184.567806 42
3213.397629 3301.493139 43
3304.356838 3380.46432 44
3410.635065 3412.626131 45
3415.634045 3442.674974 46
3447.794858 3510.858826 47
3546.089502 3596.129275 48
3598.100024 3662.221474 49
3669.677813 3748.730262 50
3750.43689 3765.451153 51
3788.917288 3861.245808 52
3879.064815 3955.172297 53
3959.154429 4005.232387 54
4014.801694 4103.871422 55
