59.525771 89.554297 1
106.905015 165.925899 2
174.276186 197.031226 3
219.136122 238.152834 4
258.408883 266.413781 5
316.840575 342.846335 6
359.831347 383.866358 7
401.318661 452.334648 8
486.711012 534.760717 9
556.154518 568.182182 10
673.91185 737.707229 11
754.184316 789.210824 12
802.924799 821.941511 13
887.09813 937.138901 14
981.043938 1014.059063 15
1031.389464 1079.439169 16
1089.333548 1147.176047 17
1239.374593 1265.40067 18
1271.739574 1298.761184 19
1375.864199 1397.86751 20
1400.874426 1431.898485 21
1437.668512 1484.68205 22
1493.540262 1512.556974 23
1526.555387 1552.561147 24
1557.477861 1579.257685 25
1591.569787 1609.590966 26
1625.722664 1669.729286 27
1687.953635 1723.00046 28
1728.262563 1793.256646 29
1824.910532 1837.913412 30
1874.1213 1929.18037 31
1939.115383 1954.149963 32
1993.686845 2022.699521 33
2083.447351 2093.463632 34
2124.264204 2172.070105 35
2191.107134 2273.126863 36
2280.137226 2319.185502 37
2347.080743 2372.132602 38
2383.834196 2466.707239 39
2470.953492 2524.022494 40
2537.349448 2582.413552 41
2592.490784 2677.597699 42
2689.787899 2722.824339 43
2744.359361 2799.682552 44
2811.95402 2891.759196 45
2894.137283 2937.147374 46
2942.958036 2984.973592 47
3013.031369 3099.114498 48
3100.638273 3173.698205 49
3188.732785 3253.787819 50
3262.727299 3300.740406 51
3311.610001 3335.624695 52
3344.686077 3416.771791 53
3423.29255 3475.588508 54
3498.811837 3550.598872 55
3563.825239 3593.874082 56
3649.806784 3733.87853 57
3738.796242 3817.870006 58
3835.444211 3863.705158 59
3899.463078 3985.505573 60
3988.24737 4051.312336 61
4073.29533 4115.371837 62
4119.272701 4177.338687 63
4192.331635 4237.395739 64
4245.461588 4262.466917 65
4285.465761 4309.460138 66
4335.526849 4407.774101 67
4409.357829 4485.405358 68
