40.956033 75.962224 1
93.373893 121.391036 2
142.845788 174.86538 3
324.401494 491.469183 4
526.617593 567.656935 5
606.828111 628.852737 6
639.031554 690.06686 7
717.597393 805.651271 8
812.883125 857.905597 9
884.256746 953.029791 10
972.371575 985.375453 11
1009.97934 1026.008455 12
1041.633226 1061.665788 13
1072.249947 1095.270106 14
1112.45729 1137.487834 15
1150.004104 1178.28437 16
1231.068934 1256.09848 17
1278.792569 1322.839825 18
1346.224692 1394.985492 19
1474.607815 1515.628836 20
1523.938489 1541.978987 21
1589.297281 1609.309526 22
1701.854459 1763.902577 23
1795.799269 1833.832693 24
1837.144364 1879.15992 25
1923.614514 1944.641611 26
1955.47157 1969.4903 27
1976.88469 2001.915234 28
2007.096069 2032.126613 29
2054.170558 2126.194323 30
2153.541005 2184.544747 31
2231.233213 2265.223554 32
2296.125711 2378.14544 33
2414.411285 2439.441829 34
2502.729285 2532.515005 35
2541.312266 2604.354919 36
2623.534167 2647.325374 37
2653.98935 2686.049576 38
2743.445101 2773.127242 39
2816.300867 2852.343224 40
2863.558208 2906.589614 41
2947.000127 2994.074616 42
3004.111214 3051.165386 43
3078.186996 3130.23915 44
3142.22618 3184.28237 45
3207.504701 3257.321984 46
3292.858413 3343.163305 47
3569.514006 3579.753774 48
